Date,Open,High,Low,Close,Adj Close,Volume,ATR,ATR_2
2018-12-31,16.34000015258789,16.34000015258789,16.040000915527344,16.209999084472656,16.209999084472656,348500,0.0,0.0
2019-01-02,16.06999969482422,16.399999618530273,15.880000114440918,16.399999618530273,16.399999618530273,556800,0.0,0.0
2019-01-03,16.40999984741211,16.760000228881836,16.40999984741211,16.5,16.5,277300,0.0,0.0
2019-01-04,16.6299991607666,16.770000457763672,16.510000228881836,16.649999618530273,16.649999618530273,392800,0.0,0.0
2019-01-07,16.690000534057617,17.100000381469727,16.549999237060547,17.0,17.0,496300,0.0,0.0
2019-01-08,17.100000381469727,17.299999237060547,17.049999237060547,17.290000915527344,17.290000915527344,326200,0.0,0.0
2019-01-09,17.350000381469727,17.729999542236328,17.299999237060547,17.56999969482422,17.56999969482422,471000,0.0,0.0
2019-01-10,17.68000030517578,17.799999237060547,17.31999969482422,17.739999771118164,17.739999771118164,326600,0.0,0.0
2019-01-11,17.719999313354492,18.309999465942383,17.719999313354492,18.270000457763672,18.270000457763672,525800,0.0,0.0
2019-01-14,18.5,18.940000534057617,17.709999084472656,17.8799991607666,17.8799991607666,829500,0.0,0.0
2019-01-15,17.799999237060547,17.899999618530273,17.079999923706055,17.719999313354492,17.719999313354492,414800,0.0,0.0
2019-01-16,17.780000686645508,17.920000076293945,17.549999237060547,17.8799991607666,17.8799991607666,330900,0.0,0.0
2019-01-17,17.8799991607666,18.1200008392334,17.860000610351562,18.059999465942383,18.059999465942383,327900,0.0,0.0
2019-01-18,18.059999465942383,18.239999771118164,17.979999542236328,18.15999984741211,18.15999984741211,376100,0.48214292526245117,0.03443878037588937
2019-01-22,18.190000534057617,18.440000534057617,17.68000030517578,18.0,18.0,463700,0.5019898755209786,0.0333965067960778
2019-01-23,17.959999084472656,18.389999389648438,17.520000457763672,18.170000076293945,18.170000076293945,236000,0.5282762366898205,0.032888639251275234
2019-01-24,18.200000762939453,18.260000228881836,17.850000381469727,17.889999389648438,17.889999389648438,397400,0.5198279231699839,0.031142901699029613
2019-01-25,17.950000762939453,18.030000686645508,17.6299991607666,17.770000457763672,17.770000457763672,291500,0.5112688947920498,0.02952976789037993
2019-01-28,17.770000457763672,17.860000610351562,17.440000534057617,17.75,17.75,285600,0.5047496934707566,0.027886155992588025
2019-01-29,17.65999984741211,17.670000076293945,17.420000076293945,17.579999923706055,17.579999923706055,516400,0.49226756705899216,0.02678586816538634
2019-01-30,17.6200008392334,17.780000686645508,17.43000030517578,17.600000381469727,17.600000381469727,428700,0.4821056252311875,0.025598444855559076
2019-01-31,17.65999984741211,17.760000228881836,17.43000030517578,17.690000534057617,17.690000534057617,613300,0.4712409322651066,0.024546034006310634
2019-02-01,17.780000686645508,17.8799991607666,17.459999084472656,17.5,17.5,280800,0.4675808711243094,0.023054178801631103
2019-02-04,17.520000457763672,17.639999389648438,17.3700008392334,17.489999771118164,17.489999771118164,301100,0.4534678482165044,0.022415524809214955
2019-02-05,17.440000534057617,17.799999237060547,17.399999618530273,17.670000076293945,17.670000076293945,267900,0.4496486889532022,0.021087212984506897
2019-02-06,17.59000015258789,17.8700008392334,17.549999237060547,17.84000015258789,17.84000015258789,388900,0.44038818275460573,0.020242448214084722
2019-02-07,17.850000381469727,17.899999618530273,17.6200008392334,17.719999313354492,17.719999313354492,222800,0.42893179679333926,0.01961487233888342
2019-02-08,17.709999084472656,17.979999542236328,17.690000534057617,17.940000534057617,17.940000534057617,229800,0.41900802617800864,0.018922650787201074
2019-02-11,18.059999465942383,18.3700008392334,17.969999313354492,18.239999771118164,18.239999771118164,519500,0.4197931889635638,0.017627115929940654
2019-02-12,18.18000030517578,18.719999313354492,18.1200008392334,18.229999542236328,18.229999542236328,590900,0.4326649950462445,0.017287450940850657
2019-02-13,18.110000610351562,18.110000610351562,17.299999237060547,17.59000015258789,17.59000015258789,1060600,0.46818894576978287,0.018590058068185495
2019-02-14,17.5,17.90999984741211,17.350000381469727,17.579999923706055,17.579999923706055,380300,0.4747468400678257,0.01773061779888959
2019-02-15,17.6299991607666,18.1200008392334,17.6299991607666,17.739999771118164,17.739999771118164,532600,0.4794078454577913,0.01679707405539502
2019-02-19,17.709999084472656,17.84000015258789,17.600000381469727,17.6299991607666,17.6299991607666,303100,0.4623072687192465,0.01681875281847715
2019-02-20,17.6200008392334,17.969999313354492,17.59000015258789,17.8700008392334,17.8700008392334,243100,0.4564281181512004,0.016037352657732075
2019-02-21,17.770000457763672,17.8799991607666,17.600000381469727,17.860000610351562,17.860000610351562,302500,0.4438260225187486,0.01579197715592634
2019-02-22,17.850000381469727,18.329999923706055,17.84000015258789,18.329999923706055,18.329999923706055,332300,0.4471241474187068,0.014899559137642904
2019-02-25,18.40999984741211,18.56999969482422,18.0,18.280000686645508,18.280000686645508,482300,0.45590097223338627,0.014462220971716943
2019-02-26,18.290000915527344,18.3799991607666,17.670000076293945,17.670000076293945,17.670000076293945,575100,0.47405083739333415,0.014725624128019152
2019-02-27,17.649999618530273,17.790000915527344,17.459999084472656,17.549999237060547,17.549999237060547,321600,0.46376162265485943,0.014408737743051693
2019-02-28,17.549999237060547,17.6299991607666,17.3799991607666,17.459999084472656,17.459999084472656,308800,0.4484929353223695,0.014470162713725853
2019-03-01,17.579999923706055,17.670000076293945,17.3799991607666,17.43000030517578,17.43000030517578,272500,0.43717207676558195,0.014245212416801687
2019-03-04,17.43000030517578,17.440000534057617,17.290000915527344,17.399999618530273,17.399999618530273,241600,0.41665975832020274,0.014692862847414367
2019-03-05,17.420000076293945,17.549999237060547,17.200000762939453,17.200000762939453,17.200000762939453,247400,0.41189823802026637,0.013983481236880224
2019-03-06,17.25,17.420000076293945,17.040000915527344,17.25,17.25,474900,0.40961973250214745,0.01314741154268299
2019-03-07,17.170000076293945,17.420000076293945,17.030000686645508,17.329999923706055,17.329999923706055,418800,0.4082182794411682,0.012308414508275582
2019-03-08,17.31999969482422,17.56999969482422,17.229999542236328,17.559999465942383,17.559999465942383,355500,0.4033455560945055,0.011777293711017517
2019-03-11,17.559999465942383,17.670000076293945,17.329999923706055,17.610000610351562,17.610000610351562,338700,0.3988208844154616,0.011259249280162259
2019-03-12,17.610000610351562,17.729999542236328,17.40999984741211,17.489999771118164,17.489999771118164,245700,0.39319079944465857,0.010857166115208027
2019-03-13,17.5,18.06999969482422,17.440000534057617,18.040000915527344,18.040000915527344,404400,0.4101056823962259,0.011289860174947977
2019-03-14,18.030000686645508,18.1299991607666,17.649999618530273,17.979999542236328,17.979999542236328,237500,0.41509810095623323,0.01084004291673793
2019-03-15,18.0,18.239999771118164,17.75,18.0,18.0,1114700,0.420448220253514,0.010447905515348134
2019-03-18,17.989999771118164,18.18000030517578,17.8799991607666,17.989999771118164,17.989999771118164,297100,0.4118448576932044,0.0103161524471311
2019-03-19,18.0,18.0,17.709999084472656,17.950000762939453,17.950000762939453,985800,0.40314171896707146,0.010200937181345517
2019-03-20,17.920000076293945,17.920000076293945,17.5,17.649999618530273,17.649999618530273,263500,0.4064887935365273,0.00971137556621054
2019-03-21,17.6299991607666,17.93000030517578,17.43000030517578,17.81999969482422,17.81999969482422,339900,0.4131681654267753,0.009494803875070361
2019-03-22,17.739999771118164,18.0,17.739999771118164,17.84000015258789,17.84000015258789,345700,0.40222759853070816,0.00959807266228442
2019-03-25,17.709999084472656,18.40999984741211,16.84000015258789,18.229999542236328,18.229999542236328,1130800,0.4856398911231018,0.014870516943006507
2019-03-26,18.229999542236328,18.530000686645508,18.229999542236328,18.5,18.5,286700,0.4723799806435359,0.014755473624189318
2019-03-27,18.5,18.639999389648438,18.360000610351562,18.530000686645508,18.530000686645508,266700,0.45863846626163157,0.014683047964026105
2019-03-28,18.549999237060547,18.639999389648438,18.309999465942383,18.43000030517578,18.43000030517578,273900,0.4494499989362332,0.014290577918409837
2019-03-29,18.479999542236328,18.520000457763672,18.280000686645508,18.350000381469727,18.350000381469727,380800,0.4344892683777997,0.014338445964125812
2019-04-01,18.360000610351562,18.520000457763672,18.260000228881836,18.420000076293945,18.420000076293945,337800,0.42202576555665944,0.01420452145391256
2019-04-02,18.389999389648438,18.389999389648438,17.979999542236328,18.079999923706055,18.079999923706055,283900,0.42330967759244215,0.013281620781188998
2019-04-03,18.31999969482422,18.31999969482422,18.040000915527344,18.110000610351562,18.110000610351562,275500,0.41307318485704453,0.013064111635061043
2019-04-04,18.110000610351562,18.360000610351562,17.959999084472656,18.350000381469727,18.350000381469727,285700,0.41213949493003466,0.012197652941628818
2019-04-05,18.360000610351562,18.600000381469727,18.209999084472656,18.530000686645508,18.530000686645508,1053400,0.4105581950776801,0.011439342006680658
2019-04-08,18.40999984741211,18.479999542236328,18.010000228881836,18.049999237060547,18.049999237060547,292400,0.41837549955525094,0.01118062504031567
2019-04-09,18.010000228881836,18.020000457763672,17.56999969482422,17.59000015258789,17.59000015258789,318200,0.4227772168896136,0.010696417347033315
2019-04-10,17.59000015258789,17.799999237060547,17.420000076293945,17.739999771118164,17.739999771118164,203700,0.41972164145225566,0.010150642924913647
2019-04-11,17.760000228881836,17.850000381469727,17.649999618530273,17.700000762939453,17.700000762939453,237400,0.4040272929870555,0.01054662189207697
2019-04-12,17.700000762939453,17.719999313354492,17.520000457763672,17.530000686645508,17.530000686645508,289900,0.38945383317303867,0.01083425317221553
2019-04-15,17.5,17.56999969482422,17.329999923706055,17.530000686645508,17.530000686645508,370000,0.3787785430262619,0.010822898670398476
2019-04-16,17.559999465942383,17.649999618530273,17.059999465942383,17.18000030517578,17.18000030517578,371600,0.39386580085209255,0.011127495752929345
2019-04-17,17.170000076293945,17.350000381469727,16.739999771118164,16.959999084472656,16.959999084472656,396400,0.40930400153062607,0.011435403247615357
2019-04-18,16.93000030517578,17.290000915527344,16.93000030517578,17.139999389648438,17.139999389648438,222700,0.40578233073212155,0.01087013664410744
2019-04-22,17.079999923706055,17.579999923706055,17.059999465942383,17.540000915527344,17.540000915527344,394600,0.41394076837723226,0.010676443858464817
2019-04-23,17.530000686645508,17.719999313354492,17.1200008392334,17.65999984741211,17.65999984741211,252800,0.4272306045017938,0.010863114734614583
2019-04-24,17.690000534057617,18.350000381469727,17.68000030517578,17.940000534057617,17.940000534057617,441400,0.4459998851843526,0.011427840873753455
2019-04-25,17.90999984741211,18.81999969482422,17.809999465942383,18.799999237060547,18.799999237060547,404400,0.48628562401988706,0.013489119299594957
2019-04-26,18.90999984741211,19.1299991607666,18.829999923706055,18.950000762939453,18.950000762939453,368400,0.4751223597117562,0.013322986800204665
2019-04-29,18.969999313354492,18.969999313354492,18.719999313354492,18.829999923706055,18.829999923706055,309500,0.4590421911609165,0.013519928353821455
2019-04-30,18.760000228881836,18.850000381469727,18.399999618530273,18.6200008392334,18.6200008392334,521900,0.4583963748593834,0.012600348921515143
2019-05-01,19.780000686645508,20.40999984741211,19.110000610351562,19.110000610351562,19.110000610351562,669200,0.5535108486679068,0.018494214984872876
2019-05-02,19.15999984741211,19.3799991607666,18.979999542236328,19.190000534057617,19.190000534057617,418600,0.542545760800933,0.01795642019073723
2019-05-03,19.280000686645508,19.399999618530273,19.100000381469727,19.190000534057617,19.190000534057617,368200,0.5252210091051911,0.017911301012523275
2019-05-06,18.989999771118164,19.700000762939453,18.989999771118164,19.690000534057617,19.690000534057617,604200,0.538419579299198,0.01757467738262925
2019-05-07,19.670000076293945,19.93000030517578,19.450000762939453,19.649999618530273,19.649999618530273,303500,0.534246719508993,0.016617404697456088
2019-05-08,19.649999618530273,19.709999084472656,19.360000610351562,19.440000534057617,19.440000534057617,483000,0.5210861305527146,0.016370489287371972
2019-05-09,19.399999618530273,19.5,19.239999771118164,19.40999984741211,19.40999984741211,330700,0.5024371375762232,0.0165332395508805
2019-05-10,19.389999389648438,19.510000228881836,19.25,19.31999969482422,19.31999969482422,372800,0.48512021552662415,0.016589216872217538
2019-05-13,19.1200008392334,19.540000915527344,19.049999237060547,19.190000534057617,19.190000534057617,424600,0.48546889145092226,0.015429178233080435
2019-05-14,19.139999389648438,19.489999771118164,19.110000610351562,19.200000762939453,19.200000762939453,249200,0.4779353392591851,0.01486520494441306
2019-05-15,19.190000534057617,19.479999542236328,19.100000381469727,19.43000030517578,19.43000030517578,488900,0.4709398979382863,0.014303078971304898
2019-05-16,19.40999984741211,19.829999923706055,19.360000610351562,19.540000915527344,19.540000915527344,424500,0.4708727133251581,0.013286229374292274
2019-05-17,19.489999771118164,19.760000228881836,19.489999771118164,19.549999237060547,19.549999237060547,371900,0.45652469507076626,0.013362071437156531
2019-05-20,19.510000228881836,19.65999984741211,19.399999618530273,19.649999618530273,19.649999618530273,287400,0.4424872332001284,0.013410313610976627
2019-05-21,19.649999618530273,19.829999923706055,19.579999923706055,19.579999923706055,19.579999923706055,241100,0.42873814511440494,0.013434511787744257
2019-05-22,19.59000015258789,19.760000228881836,19.43000030517578,19.469999313354492,19.469999313354492,310600,0.42168541501380846,0.012978670238662272
2019-05-23,19.5,19.56999969482422,19.200000762939453,19.440000534057617,19.440000534057617,440700,0.41799352336173395,0.01231532891104886
2019-05-24,19.459999084472656,19.549999237060547,19.200000762939453,19.31999969482422,19.31999969482422,225700,0.4131367341302597,0.011782576076793531
2019-05-28,19.309999465942383,19.65999984741211,19.09000015258789,19.139999389648438,19.139999389648438,344000,0.42434123132268536,0.011741284727910112
2019-05-29,19.190000534057617,19.200000762939453,18.899999618530273,19.0,19.0,532000,0.4154597965431493,0.01153700973159768
2019-05-30,19.0,19.600000381469727,19.0,19.530000686645508,19.530000686645508,339800,0.42864126689504767,0.011654471204476302
2019-05-31,19.440000534057617,19.799999237060547,19.329999923706055,19.68000030517578,19.68000030517578,304900,0.43159541307072224,0.011033019416704749
2019-06-03,19.59000015258789,19.770000457763672,19.40999984741211,19.530000686645508,19.530000686645508,828400,0.42648149859078227,0.010610226206935835
2019-06-04,19.75,20.209999084472656,19.729999542236328,19.790000915527344,19.790000915527344,748200,0.444589848536237,0.011145806473972899
2019-06-05,19.889999389648438,20.170000076293945,19.739999771118164,20.15999984741211,20.15999984741211,399700,0.4435477382962044,0.010424113885834306
2019-06-06,20.270000457763672,20.670000076293945,20.219999313354492,20.649999618530273,20.649999618530273,375100,0.4482943447666067,0.010018577641874873
2019-06-07,20.559999465942383,20.829999923706055,20.459999084472656,20.639999389648438,20.639999389648438,357600,0.44270195151423464,0.009702421614053242
2019-06-10,20.6200008392334,20.850000381469727,20.469999313354492,20.719999313354492,20.719999313354492,337900,0.43822331698573463,0.009329293965085153
2019-06-11,19.799999237060547,20.799999237060547,19.600000381469727,20.6200008392334,20.6200008392334,378200,0.4926358554575265,0.0125495257155642
2019-06-12,20.639999389648438,20.8700008392334,20.510000228881836,20.6200008392334,20.6200008392334,367100,0.48316190937852904,0.012329841455809431
2019-06-13,20.709999084472656,20.790000915527344,20.610000610351562,20.639999389648438,20.639999389648438,264500,0.46150750907833277,0.012995881373265633
2019-06-14,20.649999618530273,20.950000762939453,20.549999237060547,20.799999237060547,20.799999237060547,323700,0.457114224564088,0.012381410169049855
2019-06-17,20.90999984741211,21.139999389648438,20.790000915527344,20.829999923706055,20.829999923706055,333900,0.44946309953244556,0.012043532659235039
2019-06-18,20.8700008392334,21.0,20.469999313354492,20.479999542236328,20.479999542236328,355000,0.4552157843262358,0.011594186383131836
2019-06-19,20.459999084472656,20.530000686645508,20.239999771118164,20.489999771118164,20.489999771118164,413400,0.44341472226917206,0.011608963216984113
2019-06-20,20.520000457763672,20.610000610351562,20.31999969482422,20.450000762939453,20.450000762939453,333600,0.43245659321618435,0.01156247506241294
2019-06-21,20.329999923706055,20.389999389648438,20.1299991607666,20.149999618530273,20.149999618530273,497700,0.42442409385594626,0.011310333940829021
2019-06-24,20.25,20.309999465942383,20.139999389648438,20.229999542236328,20.229999542236328,271400,0.40625094974437476,0.011800534667310627
2019-06-25,20.25,20.479999542236328,20.1200008392334,20.1299991607666,20.1299991607666,430800,0.40294721783427156,0.011193620184652952
2019-06-26,20.100000381469727,20.1299991607666,19.75,19.770000457763672,19.770000457763672,475600,0.40130807090086656,0.010511157809563812
2019-06-27,19.770000457763672,20.479999542236328,19.770000457763672,20.469999313354492,20.469999313354492,421000,0.4233574290131373,0.011335314974042875
2019-06-28,20.450000762939453,20.56999969482422,20.219999313354492,20.530000686645508,20.530000686645508,815700,0.4181176399028937,0.010899920269485783
2019-07-01,20.559999465942383,20.690000534057617,20.239999771118164,20.5,20.5,322000,0.4203950058340765,0.010284023531035571
2019-07-02,20.5,20.780000686645508,20.440000534057617,20.739999771118164,20.739999771118164,252900,0.41465251631649186,0.009959628244360506
2019-07-03,20.75,21.209999084472656,20.75,21.15999984741211,21.15999984741211,227900,0.4186058589620633,0.009530607844447004
2019-07-05,21.06999969482422,21.6299991607666,21.059999465942383,21.6200008392334,21.6200008392334,266800,0.4294197043807887,0.009622267671181172
2019-07-08,21.639999389648438,21.639999389648438,21.049999237060547,21.100000381469727,21.100000381469727,339400,0.4408897363955817,0.009754250838582017
2019-07-09,21.100000381469727,21.459999084472656,21.100000381469727,21.239999771118164,21.239999771118164,320300,0.43511180543896366,0.009470227989870305
2019-07-10,21.329999923706055,21.530000686645508,21.260000228881836,21.510000228881836,21.510000228881836,311500,0.424746741873848,0.009534144816673546
2019-07-11,21.559999465942383,21.600000381469727,21.399999618530273,21.489999771118164,21.489999771118164,216700,0.40869345766424836,0.00999979763045398
2019-07-12,21.229999542236328,21.75,21.229999542236328,21.709999084472656,21.709999084472656,343100,0.41664395767135004,0.00985341922878596
2019-07-15,21.770000457763672,21.969999313354492,21.600000381469727,21.90999984741211,21.90999984741211,411300,0.4133121701151654,0.009387588395028722
2019-07-16,21.889999389648438,21.889999389648438,21.479999542236328,21.5,21.5,307500,0.41450417976235227,0.008802189913040017
2019-07-17,21.549999237060547,21.81999969482422,21.5,21.729999542236328,21.729999542236328,420500,0.40775385940962844,0.00865562780158886
2019-07-18,21.809999465942383,22.0,21.440000534057617,21.450000762939453,21.450000762939453,704300,0.41862854559053947,0.008814131971540445
2019-07-19,21.420000076293945,21.809999465942383,21.420000076293945,21.579999923706055,21.579999923706055,542000,0.4165836058803893,0.008330618238583998
2019-07-22,21.639999389648438,21.84000015258789,21.510000228881836,21.760000228881836,21.760000228881836,461500,0.4103990571536511,0.008177327559166439
2019-07-23,21.829999923706055,21.8799991607666,21.290000915527344,21.489999771118164,21.489999771118164,381500,0.42322757058833727,0.008509555121703562
2019-07-24,21.489999771118164,21.700000762939453,21.399999618530273,21.700000762939453,21.700000762939453,360500,0.4144256830041117,0.008530436011883706
2019-07-25,21.68000030517578,22.18000030517578,21.68000030517578,21.979999542236328,21.979999542236328,965600,0.4205381342181037,0.0083577228120343
2019-07-26,22.190000534057617,22.200000762939453,21.899999618530273,21.950000762939453,21.950000762939453,543200,0.411928349231752,0.008375727253056974
2019-07-29,22.100000381469727,22.100000381469727,21.719999313354492,21.760000228881836,21.760000228881836,470700,0.40964782915200076,0.007940355312106562
2019-07-30,21.799999237060547,21.940000534057617,21.479999542236328,21.68000030517578,21.68000030517578,789700,0.4132444836283785,0.007630090966697361
2019-07-31,22.25,23.549999237060547,22.010000228881836,22.59000015258789,22.59000015258789,1728600,0.517298372789549,0.014517505123445445
2019-08-01,22.670000076293945,22.850000381469727,22.229999542236328,22.459999084472656,22.459999084472656,866800,0.524634263249824,0.014004532647504694
2019-08-02,22.329999923706055,22.520000457763672,22.1299991607666,22.170000076293945,22.170000076293945,382900,0.5150176228031987,0.013691111776013305
2019-08-05,22.170000076293945,22.170000076293945,21.59000015258789,21.950000762939453,21.950000762939453,474100,0.5196592157248313,0.013044717572128967
2019-08-06,22.049999237060547,22.34000015258789,21.8799991607666,22.1200008392334,22.1200008392334,753700,0.5153979140174354,0.012417330724648035
2019-08-07,22.079999923706055,22.43000030517578,21.969999313354492,22.239999771118164,22.239999771118164,420200,0.5114409910034249,0.011813015888173928
2019-08-08,22.270000457763672,22.670000076293945,22.25,22.579999923706055,22.579999923706055,703000,0.5056237991585932,0.01138474274222091
2019-08-09,22.59000015258789,22.719999313354492,22.43000030517578,22.6299991607666,22.6299991607666,508400,0.49022202837431594,0.011671673316653508
2019-08-12,22.639999389648438,22.719999313354492,22.34000015258789,22.639999389648438,22.639999389648438,303400,0.4823489664023363,0.011400343934891087
2019-08-13,22.649999618530273,22.90999984741211,22.549999237060547,22.600000381469727,22.600000381469727,471600,0.47360979811299536,0.011210259960208935
2019-08-14,22.5,22.639999389648438,22.030000686645508,22.399999618530273,22.399999618530273,546400,0.4833518627479907,0.011105388865550821
2019-08-15,22.459999084472656,22.84000015258789,22.34000015258789,22.420000076293945,22.420000076293945,631400,0.48454101540884853,0.010397086279501323
2019-08-16,22.540000915527344,23.049999237060547,22.510000228881836,22.84000015258789,22.84000015258789,449900,0.4949308829344023,0.010396570654219355
2019-08-19,22.889999389648438,23.290000915527344,22.760000228881836,23.059999465942383,23.059999465942383,459300,0.49743586891376695,0.009832886034586876
2019-08-20,23.079999923706055,23.34000015258789,23.049999237060547,23.200000762939453,23.200000762939453,329400,0.4826190865290224,0.01018887863102671
2019-08-21,23.31999969482422,23.389999389648438,23.18000030517578,23.270000457763672,23.270000457763672,360700,0.46314622923928195,0.01085201996379198
2019-08-22,23.270000457763672,23.649999618530273,23.260000228881836,23.510000228881836,23.510000228881836,286000,0.4579214549827931,0.010450073841841757
2019-08-23,23.459999084472656,23.65999984741211,23.040000915527344,23.06999969482422,23.06999969482422,357400,0.46949841761864824,0.010530565898557
2019-08-26,23.1299991607666,23.530000686645508,23.079999923706055,23.520000457763672,23.520000457763672,221700,0.46882003006169404,0.009826838874156802
2019-08-27,23.520000457763672,23.56999969482422,23.059999465942383,23.079999923706055,23.079999923706055,395700,0.4717614728345613,0.009335024866921837
2019-08-28,23.059999465942383,23.43000030517578,23.049999237060547,23.3700008392334,23.3700008392334,302900,0.46520715821175224,0.009136402706628069
2019-08-29,23.520000457763672,23.670000076293945,23.40999984741211,23.489999771118164,23.489999771118164,335300,0.45340659241523756,0.009326700070191398
2019-08-30,23.520000457763672,23.65999984741211,23.360000610351562,23.59000015258789,23.59000015258789,252300,0.44244892417561676,0.009443197796579214
2019-09-03,23.6299991607666,23.81999969482422,23.299999237060547,23.329999923706055,23.329999923706055,605200,0.4479883194319064,0.009164354757987103
2019-09-04,23.350000381469727,23.729999542236328,23.239999771118164,23.610000610351562,23.610000610351562,420700,0.45098913740949625,0.00872410213081587
2019-09-05,23.790000915527344,23.8799991607666,23.469999313354492,23.610000610351562,23.610000610351562,344300,0.44806133098111145,0.008310081009213651
2019-09-06,23.600000381469727,23.709999084472656,23.280000686645508,23.309999465942383,23.309999465942383,236900,0.4467711214701141,0.007808661616483915
2019-09-09,23.309999465942383,23.399999618530273,23.030000686645508,23.389999389648438,23.389999389648438,330300,0.44128739364258923,0.007642594917272555
2019-09-10,23.309999465942383,23.43000030517578,22.690000534057617,22.989999771118164,22.989999771118164,407400,0.4626239920337017,0.008620738022546834
2019-09-11,23.100000381469727,23.25,22.719999313354492,22.979999542236328,22.979999542236328,288100,0.4674366130774021,0.008348729666914944
2019-09-12,23.040000915527344,23.040000915527344,22.719999313354492,22.790000915527344,22.790000915527344,462700,0.4569055408699342,0.008504611276954442
2019-09-13,22.850000381469727,22.989999771118164,22.510000228881836,22.639999389648438,22.639999389648438,245500,0.4585551123961052,0.008014965580469912
2019-09-16,22.549999237060547,22.729999542236328,22.420000076293945,22.469999313354492,22.469999313354492,414400,0.44794399479226793,0.008200405010710437
2019-09-17,22.549999237060547,22.729999542236328,22.489999771118164,22.540000915527344,22.540000915527344,300000,0.4345194400843799,0.008573558560508834
2019-09-18,22.65999984741211,22.829999923706055,22.260000228881836,22.59000015258789,22.59000015258789,657400,0.44419660113722553,0.00865238730996146
2019-09-19,22.81999969482422,23.06999969482422,22.690000534057617,23.040000915527344,23.040000915527344,441900,0.4467539540728757,0.008217027711796368
2019-09-20,23.020000457763672,23.479999542236328,23.020000457763672,23.270000457763672,23.270000457763672,1635700,0.4477000348157172,0.007697674356871019
2019-09-23,23.200000762939453,23.389999389648438,22.8700008392334,22.889999389648438,22.889999389648438,324300,0.4528642145013831,0.007516710451784939
2019-09-24,22.940000534057617,23.110000610351562,22.579999923706055,22.700000762939453,22.700000762939453,925800,0.4583739625116777,0.007373355991678488
2019-09-25,22.780000686645508,22.979999542236328,22.709999084472656,22.899999618530273,22.899999618530273,224700,0.44563287799633466,0.007756765171940244
2019-09-26,22.979999542236328,23.049999237060547,22.649999618530273,22.729999542236328,22.729999542236328,232200,0.44237335946304457,0.007435533269179519
2019-09-27,22.700000762939453,22.959999084472656,22.34000015258789,22.3700008392334,22.3700008392334,486900,0.4550609003503103,0.007810676670471394
2019-09-30,22.440000534057617,22.8700008392334,22.440000534057617,22.770000457763672,22.770000457763672,659500,0.45827083603957386,0.007482052314670832
2019-10-01,22.829999923706055,23.049999237060547,22.56999969482422,22.600000381469727,22.600000381469727,523500,0.45982288648219916,0.007058480752381865
2019-10-02,22.530000686645508,22.709999084472656,22.43000030517578,22.479999542236328,22.479999542236328,392800,0.44697830739753314,0.007471773490402162
2019-10-03,22.479999542236328,22.649999618530273,22.260000228881836,22.440000534057617,22.440000534057617,223000,0.44290838470116917,0.007228784147970862
2019-10-04,22.399999618530273,22.889999389648438,22.399999618530273,22.860000610351562,22.860000610351562,347400,0.44627205515952595,0.006952704598712714
2019-10-07,22.729999542236328,23.049999237060547,22.690000534057617,22.780000686645508,22.780000686645508,370400,0.4401096728626262,0.006896253005726073
2019-10-08,22.68000030517578,22.770000457763672,22.350000381469727,22.43000030517578,22.43000030517578,348600,0.4393875751707087,0.006455241911882604
2019-10-09,22.5,22.579999923706055,22.209999084472656,22.290000915527344,22.290000915527344,301000,0.4344313797466151,0.0063481671627548175
2019-10-10,22.350000381469727,22.389999389648438,21.959999084472656,22.15999984741211,22.15999984741211,287200,0.434114874420127,0.005917334174450055
2019-10-11,22.329999923706055,22.350000381469727,21.8799991607666,21.889999389648438,21.889999389648438,357100,0.4366781848689126,0.005677761051188309
2019-10-14,21.90999984741211,22.030000686645508,21.459999084472656,21.6299991607666,21.6299991607666,252600,0.4462012861049082,0.005952428207245976
2019-10-15,21.639999389648438,21.780000686645508,21.479999542236328,21.610000610351562,21.610000610351562,392400,0.4357584188409276,0.006273173854155594
2019-10-16,21.56999969482422,21.739999771118164,21.43000030517578,21.729999542236328,21.729999542236328,273200,0.42677563649103156,0.0064667173181370535
2019-10-17,21.729999542236328,21.950000762939453,21.639999389648438,21.829999923706055,21.829999923706055,628800,0.4184346176910304,0.00660059599541306
2019-10-18,21.75,21.920000076293945,21.639999389648438,21.8799991607666,21.8799991607666,282200,0.4085464797592074,0.006835420419442344
2019-10-21,21.979999542236328,22.209999084472656,21.8799991607666,21.979999542236328,21.979999542236328,352600,0.40293601146969643,0.006747923838732959
2019-10-22,21.899999618530273,22.0,21.579999923706055,21.670000076293945,21.670000076293945,275500,0.4041548732428571,0.006352990834049223
2019-10-23,21.649999618530273,21.65999984741211,21.329999923706055,21.440000534057617,21.440000534057617,321000,0.3995723931960738,0.006226525777815943
2019-10-24,21.440000534057617,21.579999923706055,21.200000762939453,21.309999465942383,21.309999465942383,283700,0.39817430516539726,0.005881637367305985
2019-10-25,21.260000228881836,21.6299991607666,21.260000228881836,21.5,21.5,283000,0.396161778502495,0.005605272316991433
2019-10-28,21.5,21.59000015258789,21.34000015258789,21.459999084472656,21.459999084472656,323800,0.38572165146660253,0.005950619082627222
2019-10-29,21.6200008392334,21.75,21.450000762939453,21.600000381469727,21.600000381469727,681100,0.37959862186616994,0.005962934119613321
2019-10-30,21.600000381469727,21.940000534057617,20.360000610351562,20.770000457763672,20.770000457763672,1015300,0.46534157199759024,0.011661506691885247
2019-10-31,20.920000076293945,21.09000015258789,19.950000762939453,20.1200008392334,20.1200008392334,801600,0.5135314161155079,0.014270673650887562
2019-11-01,20.170000076293945,20.510000228881836,19.850000381469727,20.020000457763672,20.020000457763672,522900,0.523993446922408,0.013998627733459888
2019-11-04,20.010000228881836,20.010000228881836,19.600000381469727,19.829999923706055,19.829999923706055,519300,0.516565349020375,0.013529304174072254
2019-11-05,19.75,20.100000381469727,19.700000762939453,19.760000228881836,19.760000228881836,373200,0.5082392254139392,0.013157648419241079
2019-11-06,19.75,20.100000381469727,19.700000762939453,20.100000381469727,20.100000381469727,511200,0.5005078249222488,0.012770059281558888
2019-11-07,20.1200008392334,20.1200008392334,19.420000076293945,19.489999771118164,19.489999771118164,512900,0.5147573204949062,0.01287573330235164
2019-11-08,19.450000762939453,19.75,19.360000610351562,19.420000076293945,19.420000076293945,380700,0.5058460397201584,0.012592558121808508
2019-11-11,19.389999389648438,19.739999771118164,19.3700008392334,19.59000015258789,19.59000015258789,407600,0.4961426748747732,0.012386187173492557
2019-11-12,19.600000381469727,19.65999984741211,19.389999389648438,19.399999618530273,19.399999618530273,308100,0.4799896593668374,0.012655246340238503
2019-11-13,19.329999923706055,19.479999542236328,19.229999542236328,19.25,19.25,380400,0.46356182655492045,0.012924716802501249
2019-11-14,19.25,19.450000762939453,19.209999084472656,19.260000228881836,19.260000228881836,333200,0.44759324454862587,0.013142135745629344
2019-11-15,19.299999237060547,19.489999771118164,19.229999542236328,19.420000076293945,19.420000076293945,346300,0.43419374342956946,0.01316051898658842
2019-11-18,19.40999984741211,19.610000610351562,19.3799991607666,19.510000228881836,19.510000228881836,571800,0.419608579583526,0.013262279333692352
2019-11-19,19.56999969482422,19.579999923706055,19.309999465942383,19.420000076293945,19.420000076293945,418100,0.40892228516782214,0.013078280410978887
2019-11-20,19.3700008392334,19.600000381469727,19.309999465942383,19.450000762939453,19.450000762939453,359200,0.40042790162207365,0.012750859206319574
2019-11-21,19.5,19.549999237060547,19.06999969482422,19.389999389648438,19.389999389648438,488900,0.4061115902373776,0.012246061306961315
2019-11-22,19.360000610351562,19.520000457763672,18.93000030517578,18.959999084472656,18.959999084472656,419800,0.4192464875481285,0.012309549592946287
2019-11-25,18.899999618530273,19.229999542236328,18.850000381469727,19.09000015258789,19.09000015258789,510300,0.41644310706373366,0.01163053751376404
2019-11-26,19.110000610351562,19.540000915527344,19.059999465942383,19.34000015258789,19.34000015258789,424300,0.42098298867239276,0.011124062091970829
2019-11-27,19.389999389648438,19.639999389648438,19.34000015258789,19.5,19.5,456600,0.4123412921286895,0.010946750267094576
2019-11-29,19.40999984741211,19.729999542236328,19.309999465942383,19.540000915527344,19.540000915527344,247300,0.41288834814049347,0.010203914963145249
2019-12-02,19.65999984741211,20.09000015258789,19.610000610351562,20.049999237060547,20.049999237060547,620100,0.4226819830633544,0.010174609245982085
2019-12-03,19.979999542236328,20.270000457763672,19.90999984741211,20.149999618530273,20.149999618530273,633200,0.4182047421553693,0.009767654364696588
2019-12-04,20.700000762939453,20.8700008392334,20.489999771118164,20.790000915527344,20.790000915527344,604900,0.43976163348020897,0.010609742718992524
2019-12-05,20.899999618530273,21.18000030517578,20.709999084472656,21.0,21.0,820800,0.44192160399613156,0.010006187561630384
2019-12-06,20.989999771118164,21.1200008392334,20.600000381469727,20.690000534057617,20.690000534057617,629300,0.44749866497952734,0.00968982137747077
2019-12-09,20.719999313354492,20.979999542236328,20.68000030517578,20.84000015258789,20.84000015258789,464900,0.43696299155674306,0.009750239380707447
2019-12-10,20.829999923706055,20.850000381469727,20.479999542236328,20.56999969482422,20.56999969482422,498800,0.43217998067650415,0.009395437344959694
2019-12-11,20.579999923706055,20.649999618530273,20.3700008392334,20.559999465942383,20.559999465942383,296700,0.4213098948636735,0.009500769378379051
2019-12-12,20.579999923706055,20.639999389648438,20.290000915527344,20.329999923706055,20.329999923706055,415200,0.41621622195348923,0.009185976773507994
2019-12-13,20.280000686645508,20.389999389648438,20.149999618530273,20.360000610351562,20.360000610351562,315800,0.4036293326081089,0.009428899100070304
2019-12-16,20.43000030517578,20.520000457763672,20.030000686645508,20.09000015258789,20.09000015258789,464800,0.40979864964454144,0.009196071809810464
2019-12-17,20.139999389648438,20.15999984741211,19.90999984741211,20.0,20.0,345600,0.39838446038421704,0.00935450877056146
2019-12-18,19.979999542236328,20.100000381469727,19.829999923706055,20.040000915527344,20.040000915527344,715700,0.38921417448274953,0.009341349994197607
2019-12-19,20.040000915527344,20.1299991607666,19.8700008392334,20.09000015258789,20.09000015258789,251700,0.37998447070063907,0.009333375264762812
2019-12-20,20.110000610351562,20.260000228881836,19.950000762939453,20.15999984741211,20.15999984741211,634500,0.374985541789335,0.009023771953801472
2019-12-23,20.170000076293945,20.229999542236328,19.520000457763672,20.1200008392334,20.1200008392334,484300,0.39891508055242936,0.010088469583036675
2019-12-24,20.190000534057617,20.31999969482422,20.06999969482422,20.25,20.25,138400,0.3882782890843987,0.010127635431964817
2019-12-26,20.219999313354492,20.280000686645508,20.049999237060547,20.190000534057617,20.190000534057617,277300,0.37697280054872456,0.010211767796515484
2019-12-27,20.209999084472656,20.270000457763672,19.719999313354492,19.770000457763672,19.770000457763672,434500,0.3893319679673285,0.010365153483807515
2019-12-30,19.68000030517578,19.889999389648438,19.6299991607666,19.889999389648438,19.889999389648438,405200,0.380093986604079,0.010284641189481941
2019-12-31,19.90999984741211,19.969999313354492,19.780000686645508,19.8799991607666,19.8799991607666,470400,0.36651574661157227,0.010519898246840855
2020-01-02,19.940000534057617,20.0,19.729999542236328,19.989999771118164,19.989999771118164,462800,0.3596217974081508,0.010260901886596613
2020-01-03,19.790000915527344,20.170000076293945,19.729999542236328,20.139999389648438,20.139999389648438,422300,0.36536313574025553,0.009938075918418622
2020-01-06,20.09000015258789,20.549999237060547,20.049999237060547,20.329999923706055,20.329999923706055,437300,0.3749800546159516,0.009915136129652724
2020-01-07,20.299999237060547,20.360000610351562,20.190000534057617,20.25,20.25,473900,0.3603386275929511,0.01025272833632042
2020-01-08,20.18000030517578,20.65999984741211,20.170000076293945,20.479999542236328,20.479999542236328,429200,0.36960013784475204,0.010181927044569028
2020-01-09,20.559999465942383,20.940000534057617,20.450000762939453,20.479999542236328,20.479999542236328,319000,0.37820011164999573,0.010068930384617217
2020-01-10,20.469999313354492,20.600000381469727,20.309999465942383,20.440000534057617,20.440000534057617,359900,0.3719001690698063,0.009799716970015233
2020-01-13,20.469999313354492,20.6299991607666,20.350000381469727,20.40999984741211,20.40999984741211,446100,0.36533578408602546,0.009568621828141347
2020-01-14,20.459999084472656,20.700000762939453,20.40999984741211,20.700000762939453,20.700000762939453,468200,0.3599547220461196,0.009269510414695953
2020-01-15,20.639999389648438,21.239999771118164,20.639999389648438,21.139999389648438,21.139999389648438,514900,0.37710084057637727,0.009832125280093218
2020-01-16,21.1200008392334,21.459999084472656,21.09000015258789,21.360000610351562,21.360000610351562,360300,0.3765935613841193,0.009166064845247844
2020-01-17,21.489999771118164,21.5,21.200000762939453,21.350000381469727,21.350000381469727,365100,0.37112253821814983,0.00890213329672796
2020-01-21,21.350000381469727,21.43000030517578,20.8700008392334,20.93000030517578,20.93000030517578,458400,0.3846137473413093,0.009229924427187354
2020-01-22,20.989999771118164,21.270000457763672,20.950000762939453,21.059999465942383,21.059999465942383,315900,0.3814270620017794,0.00879826449235468
2020-01-23,20.969999313354492,21.200000762939453,20.809999465942383,21.1200008392334,21.1200008392334,298700,0.3820395073585859,0.008213563125529809
2020-01-24,21.110000610351562,21.219999313354492,20.829999923706055,20.90999984741211,20.90999984741211,291600,0.3826080703792896,0.0076674916894708045
2020-01-27,20.709999084472656,20.93000030517578,20.649999618530273,20.65999984741211,20.65999984741211,256300,0.37527897154116235,0.007643320771517695
2020-01-28,20.68000030517578,20.84000015258789,20.6299991607666,20.670000076293945,20.670000076293945,220100,0.3634734015611714,0.00794062428640864
2020-01-29,20.68000030517578,20.719999313354492,20.420000076293945,20.649999618530273,20.649999618530273,218600,0.35893953266826967,0.007697284615443862
2020-01-30,20.520000457763672,20.700000762939453,20.459999084472656,20.600000381469727,20.600000381469727,320800,0.3504439716538788,0.007754304358225791
2020-01-31,20.559999465942383,20.6200008392334,20.270000457763672,20.469999313354492,20.469999313354492,412500,0.35041228664072505,0.007202688690720646
2020-02-03,20.5,20.760000228881836,20.450000762939453,20.670000076293945,20.670000076293945,377500,0.34752565659084345,0.006894398787803571
2020-02-04,20.760000228881836,20.920000076293945,20.649999618530273,20.670000076293945,20.670000076293945,246200,0.3419881423889026,0.006797478460241945
2020-02-05,20.719999313354492,22.110000610351562,20.6299991607666,22.030000686645508,22.030000686645508,701300,0.4232748071886211,0.012118134627347411
2020-02-06,22.049999237060547,22.1299991607666,21.459999084472656,21.5,21.5,401300,0.4408980406961443,0.012511355975931397
2020-02-07,21.520000457763672,21.610000610351562,20.90999984741211,20.979999542236328,20.979999542236328,485400,0.4594053779992378,0.012939640356442976
2020-02-10,21.0,21.18000030517578,20.780000686645508,21.020000457763672,21.020000457763672,384900,0.45516210946574037,0.012318470940518295
2020-02-11,21.1299991607666,21.440000534057617,21.1299991607666,21.34000015258789,21.34000015258789,635800,0.452650535667755,0.011617978287480232
2020-02-12,21.459999084472656,22.100000381469727,19.780000686645508,20.309999465942383,20.309999465942383,963400,0.5860326184646453,0.020315414323866663
2020-02-13,20.200000762939453,20.719999313354492,19.979999542236328,20.0,20.0,507900,0.5970302722256109,0.01964985999794516
2020-02-14,20.0,20.260000228881836,19.65999984741211,20.149999618530273,20.149999618530273,590300,0.5972424228859049,0.018261452188112932
2020-02-18,20.170000076293945,20.850000381469727,20.170000076293945,20.770000457763672,20.770000457763672,612700,0.6045823043183012,0.01748133999127603
2020-02-19,20.75,20.799999237060547,20.489999771118164,20.520000457763672,20.520000457763672,374300,0.5835406730057355,0.017735646514225288
2020-02-20,20.540000915527344,20.90999984741211,20.489999771118164,20.56999969482422,20.56999969482422,374700,0.5718592018120362,0.017303205419902008
2020-02-21,20.59000015258789,20.670000076293945,20.469999313354492,20.549999237060547,20.549999237060547,240200,0.5452978847497089,0.017964499108646673
2020-02-24,20.1299991607666,20.3700008392334,19.829999923706055,19.959999084472656,19.959999084472656,476600,0.5577765582214791,0.017572654420298355
2020-02-25,19.899999618530273,20.059999465942383,18.889999389648438,18.940000534057617,18.940000534057617,429600,0.6015068095123696,0.01944105419676922
2020-02-26,18.8700008392334,18.989999771118164,18.329999923706055,18.389999389648438,18.389999389648438,688700,0.6056848836480653,0.01835084133526397
2020-02-27,17.989999771118164,18.3700008392334,17.709999084472656,17.969999313354492,17.969999313354492,1114800,0.6109931280429021,0.017419227268090597
2020-02-28,17.59000015258789,17.8799991607666,17.040000915527344,17.40999984741211,17.40999984741211,832200,0.6337792187417767,0.017802574656003742
2020-03-02,17.3700008392334,17.739999771118164,17.1200008392334,17.690000534057617,17.690000534057617,486400,0.6327949125377045,0.01660126976658006
2020-03-03,17.68000030517578,17.68000030517578,16.510000228881836,16.540000915527344,16.540000915527344,733800,0.6718810120118528,0.018207329031406365
2020-03-04,16.670000076293945,16.850000381469727,16.3700008392334,16.780000686645508,16.780000686645508,518000,0.6581751927421724,0.017885792619854513
2020-03-05,16.530000686645508,16.68000030517578,15.710000038146973,15.9399995803833,15.9399995803833,711300,0.6875912967247697,0.018709386288621854
2020-03-06,15.5,15.760000228881836,15.100000381469727,15.460000038146973,15.460000038146973,643300,0.6984775754525414,0.01815059289141827
2020-03-09,14.680000305175781,15.020000457763672,14.359999656677246,14.489999771118164,14.489999771118164,1018200,0.7271577758823404,0.018902707715588322
2020-03-10,14.949999809265137,15.0600004196167,13.949999809265137,14.59000015258789,14.59000015258789,787000,0.754503692630142,0.01950579407503213
2020-03-11,14.220000267028809,14.270000457763672,12.5600004196167,12.59000015258789,12.59000015258789,1091000,0.8456105526545027,0.024620155928555595
2020-03-12,11.75,11.75,10.460000038146973,10.5,10.5,1105700,0.9373526642106752,0.029414581330528232
2020-03-13,11.09000015258789,11.5600004196167,10.239999771118164,10.739999771118164,10.739999771118164,1041600,0.9646846630883795,0.02926582544104081
2020-03-16,10.449999809265137,10.600000381469727,8.140000343322754,8.210000038146973,8.210000038146973,929600,1.0814928605674532,0.035518852015186016
2020-03-17,8.229999542236328,8.859999656677246,7.21999979019165,7.429999828338623,7.429999828338623,1405700,1.1213862181330347,0.035831316697357125
2020-03-18,7.0,7.239999771118164,4.760000228881836,5.0,5.0,1449400,1.2320014596561601,0.041173025613483426
2020-03-19,5.110000133514404,6.199999809265137,4.5,6.0,6.0,1803800,1.2654299131996585,0.040619841894198774
2020-03-20,6.409999847412109,6.730000019073486,5.260000228881836,5.46999979019165,5.46999979019165,1985400,1.280042047270515,0.03876214847824576
2020-03-23,5.659999847412109,6.340000152587891,5.150000095367432,5.909999847412109,5.909999847412109,1927400,1.2736104765526537,0.03645282149536115
2020-03-24,6.639999866485596,7.71999979019165,6.489999771118164,7.690000057220459,7.690000057220459,2167000,1.3119240098545741,0.03658572948154396
2020-03-25,8.100000381469727,11.4399995803833,7.789999961853027,9.460000038146973,9.460000038146973,3909500,1.4860722608051646,0.046411623872190146
2020-03-26,9.369999885559082,10.289999961853027,9.3100004196167,10.0600004196167,10.0600004196167,1284200,1.4499242094788192,0.04567851154748696
2020-03-27,9.649999618530273,10.0,8.350000381469727,8.399999618530273,8.399999618530273,1198700,1.4685010543836872,0.043742678215871314
2020-03-30,8.399999618530273,8.520000457763672,7.75,7.849999904632568,7.849999904632568,1203700,1.4186081546251148,0.04418197975463568
2020-03-31,7.929999828338623,8.369999885559082,7.5,7.679999828338623,7.679999828338623,1925000,1.3794218496918267,0.04382514583882514
2020-04-01,7.550000190734863,7.550000190734863,7.0,7.28000020980835,7.28000020980835,1198800,1.3294631338808836,0.04426325797969071
2020-04-02,7.300000190734863,7.449999809265137,6.579999923706055,6.679999828338623,6.679999828338623,1145200,1.2966443304293265,0.04344579694196688
2020-04-03,6.710000038146973,6.829999923706055,6.289999961853027,6.78000020980835,6.78000020980835,919600,1.242598304102448,0.04420295618374628
2020-04-06,7.46999979019165,8.25,7.179999828338623,8.1899995803833,8.1899995803833,1483900,1.2588412673945337,0.04220581383434195
2020-04-07,9.15999984741211,9.65999984741211,8.15999984741211,8.380000114440918,8.380000114440918,1542000,1.2760668911520672,0.04042151454314134
2020-04-08,8.430000305175781,9.25,8.229999542236328,9.0,9.0,1445300,1.2577764316243247,0.038840724899184276
2020-04-09,9.739999771118164,10.4399995803833,9.40999984741211,9.9399995803833,9.9399995803833,1463900,1.2707923708213946,0.036996097349033245
2020-04-13,10.100000381469727,10.149999618530273,9.010000228881836,9.3100004196167,9.3100004196167,1133100,1.2614500150233263,0.03502083009539289
2020-04-14,9.819999694824219,10.25,9.329999923706055,9.449999809265137,9.449999809265137,964100,1.238489269691896,0.03415939546939556
2020-04-15,9.079999923706055,9.399999618530273,8.949999809265137,9.199999809265137,9.199999809265137,957400,1.185740036142475,0.03548724104654024
2020-04-16,9.199999809265137,9.520000457763672,8.5600004196167,9.09000015258789,9.09000015258789,778400,1.1696157505713676,0.03410417279829504
2020-04-17,9.970000267028809,9.970000267028809,9.34000015258789,9.470000267028809,9.470000267028809,1071400,1.1489289194191927,0.0331457912521436
2020-04-20,9.25,9.489999771118164,9.0,9.020000457763672,9.020000457763672,1004800,1.1018625516834049,0.03414011814383248
2020-04-21,8.8100004196167,9.229999542236328,8.699999809265137,9.050000190734863,9.050000190734863,879000,1.0610152074896753,0.03461920571882513
2020-04-22,9.34000015258789,9.770000457763672,9.210000038146973,9.4399995803833,9.4399995803833,918700,1.0366569974567563,0.033886277455546114
2020-04-23,9.529999732971191,9.829999923706055,9.15999984741211,9.3100004196167,9.3100004196167,859600,1.0104672173736984,0.033336527643225526
2020-04-24,9.289999961853027,9.34000015258789,8.90999984741211,9.170000076293945,9.170000076293945,644300,0.9690052950738471,0.033916912975841644
2020-04-27,9.25,9.949999809265137,9.25,9.770000457763672,9.770000457763672,1061100,0.9555048977808003,0.03245859042707059
2020-04-28,10.359999656677246,10.420000076293945,9.539999961853027,9.970000267028809,9.970000267028809,1218300,0.9501116989708087,0.030525348168707802
2020-04-29,10.460000038146973,11.9399995803833,10.239999771118164,11.760000228881836,11.760000228881836,1897900,1.022960814283929,0.0335484743933087
2020-04-30,11.399999618530273,11.84000015258789,11.0,11.270000457763672,11.270000457763672,1156200,1.009892195591355,0.03208562755754195
2020-05-01,10.859999656677246,11.319999694824219,10.619999885559082,11.010000228881836,11.010000228881836,1034200,0.9877570251394822,0.03137488062142272
2020-05-04,10.050000190734863,10.380000114440918,9.5,9.84000015258789,9.84000015258789,1270500,1.0250601111210789,0.03179832386143515
2020-05-05,10.109999656677246,10.25,9.34000015258789,9.430000305175781,9.430000305175781,946200,1.0168415208561525,0.030114057175970235
2020-05-06,9.479999542236328,9.6899995803833,9.229999542236328,9.260000228881836,9.260000228881836,722500,0.9770671292340684,0.030804081064978374
2020-05-07,9.359999656677246,9.5600004196167,9.279999732971191,9.350000381469727,9.350000381469727,1184100,0.9287052050555538,0.03205821271594524
2020-05-08,9.609999656677246,10.199999809265137,9.319999694824219,10.050000190734863,10.050000190734863,1565600,0.9252262700116513,0.03001683573937076
2020-05-11,9.800000190734863,9.970000267028809,9.520000457763672,9.699999809265137,9.699999809265137,864600,0.8969958030801898,0.02988923796737724
2020-05-12,9.710000038146973,9.75,9.300000190734863,9.300000190734863,9.300000190734863,941200,0.865067517807686,0.030034884203457707
2020-05-13,9.260000228881836,9.270000457763672,8.4399995803833,8.770000457763672,8.770000457763672,1315000,0.8647055958465344,0.02791538690043584
2020-05-14,8.489999771118164,8.960000038146973,7.860000133514404,8.770000457763672,8.770000457763672,1513800,0.881512332188394,0.027121911860537536
2020-05-15,9.739999771118164,9.920000076293945,9.149999618530273,9.170000076293945,9.170000076293945,2030100,0.9006899954985281,0.026554465535508723
2020-05-18,9.770000457763672,10.479999542236328,9.65999984741211,10.109999656677246,10.109999656677246,2356900,0.9299263862445178,0.02674603162197165
2020-05-19,10.170000076293945,10.260000228881836,9.5600004196167,9.890000343322754,9.890000343322754,1571000,0.9135030593174192,0.02600869557233787
2020-05-20,10.180000305175781,10.5,10.050000190734863,10.460000038146973,10.460000038146973,1254700,0.8918242448431212,0.025699418351049306
2020-05-21,10.34000015258789,10.789999961853027,10.270000457763672,10.520000457763672,10.520000457763672,922900,0.8652653347892808,0.02576081061553438
2020-05-22,10.609999656677246,10.739999771118164,10.390000343322754,10.619999885559082,10.619999885559082,674700,0.8284606271468614,0.02654966040316902
2020-05-26,11.4399995803833,11.800000190734863,11.130000114440918,11.180000305175781,11.180000305175781,1151600,0.853570604148927,0.026446825874518777
2020-05-27,11.779999732971191,11.970000267028809,11.149999618530273,11.859999656677246,11.859999656677246,1375400,0.851172750173899,0.024729042167412292
2020-05-28,12.079999923706055,12.229999542236328,11.199999809265137,11.270000457763672,11.270000457763672,1190300,0.8639461060879913,0.023875064577889432
2020-05-29,11.010000228881836,11.239999771118164,10.619999885559082,10.850000381469727,10.850000381469727,1397400,0.8486642822391769,0.023261261668669788
2020-06-01,10.899999618530273,11.510000228881836,10.760000228881836,11.180000305175781,11.180000305175781,948700,0.8416168335078071,0.022103132173148358
2020-06-02,11.359999656677246,11.489999771118164,10.859999656677246,11.199999809265137,11.199999809265137,701300,0.826501353574458,0.021604014156019844
2020-06-03,11.390000343322754,12.880000114440918,11.380000114440918,12.529999732971191,12.529999732971191,2849900,0.887465564403124,0.024415456775494566
2020-06-04,12.800000190734863,13.979999542236328,12.390000343322754,13.470000267028809,13.470000267028809,2937000,0.9376465382967275,0.026255850855359496
2020-06-05,14.819999694824219,14.960000038146973,13.3100004196167,13.479999542236328,13.479999542236328,2496600,0.9885289011705521,0.028014887428107007
2020-06-08,14.0,14.489999771118164,13.460000038146973,13.779999732971191,13.779999732971191,1738200,0.9914911034420264,0.026225409916918956
2020-06-09,13.220000267028809,13.979999542236328,12.430000305175781,13.600000381469727,13.600000381469727,2275600,1.031384541557635,0.02720169764539679
2020-06-10,13.34000015258789,13.479999542236328,12.15999984741211,12.359999656677246,12.359999656677246,1815600,1.0605713981647766,0.027343494714092847
2020-06-11,10.960000038146973,11.739999771118164,10.670000076293945,10.770000457763672,10.770000457763672,1991400,1.1055305540375284,0.02860175622542563
2020-06-12,11.75,11.75,10.6899995803833,11.619999885559082,11.619999885559082,1179600,1.1022784015788978,0.026791070242083128
2020-06-15,10.899999618530273,12.029999732971191,10.829999923706055,11.850000381469727,11.850000381469727,1277800,1.1092585021279149,0.0253760009782927
2020-06-16,12.65999984741211,12.6899995803833,11.420000076293945,11.729999542236328,11.729999542236328,1160900,1.1207400022680178,0.02438353663270772
2020-06-17,11.989999771118164,12.079999923706055,11.319999694824219,11.369999885559082,11.369999885559082,777100,1.0949728755975763,0.02448236449254585
2020-06-18,11.130000114440918,11.5,11.050000190734863,11.25,11.25,969300,1.0489033708595448,0.02602430308150911
2020-06-19,11.510000228881836,11.600000381469727,10.680000305175781,10.779999732971191,10.779999732971191,1475600,1.0396959926762877,0.024823094160205398
2020-06-22,10.729999542236328,10.800000190734863,10.229999542236328,10.5600004196167,10.5600004196167,1694000,1.0061463252350196,0.025446420823138447
2020-06-23,10.779999732971191,11.869999885559082,10.550000190734863,11.8100004196167,11.8100004196167,2667000,1.0285644230628195,0.025230112037757123
2020-06-24,11.420000076293945,11.470000267028809,10.239999771118164,10.420000076293945,10.420000076293945,2418700,1.0672384391653706,0.026190390899528126
2020-06-25,10.149999618530273,10.59000015258789,9.859999656677246,10.149999618530273,10.149999618530273,1782000,1.043150014647176,0.026040250443718597
2020-06-26,10.029999732971191,10.09000015258789,9.34000015258789,9.5600004196167,9.5600004196167,1918700,1.026496404025405,0.025369776170722336
2020-06-29,9.680000305175781,10.40999984741211,9.40999984741211,10.229999542236328,10.229999542236328,1338800,1.024603803737876,0.023692835036208528
2020-06-30,10.079999923706055,10.229999542236328,9.859999656677246,10.100000381469727,10.100000381469727,941700,0.9778463810108192,0.02534030558555483
2020-07-01,9.050000190734863,9.40999984741211,8.970000267028809,9.0600004196167,9.0600004196167,7702400,0.9887145048272548,0.024306578316332022
2020-07-02,9.420000076293945,9.5,9.069999694824219,9.220000267028809,9.220000267028809,3122200,0.9495205816526866,0.02536996009192032
2020-07-06,9.319999694824219,9.539999961853027,9.039999961853027,9.510000228881836,9.510000228881836,1943900,0.9174119686774947,0.02585129244072543
2020-07-07,9.25,9.270000457763672,8.880000114440918,8.899999618530273,8.899999618530273,2134800,0.8968825505177394,0.025471158563513285
2020-07-08,8.829999923706055,9.260000228881836,8.630000114440918,9.09000015258789,9.09000015258789,1900100,0.877819519369395,0.025013435176715507
2020-07-09,9.020000457763672,9.09000015258789,8.5,8.539999961853027,8.539999961853027,2725100,0.8572609931707161,0.02469522739257003
2020-07-10,8.510000228881836,8.949999809265137,8.5,8.869999885559082,8.869999885559082,1598500,0.8281709086060319,0.025009145762006753
2020-07-13,8.760000228881836,8.850000381469727,8.260000228881836,8.270000457763672,8.270000457763672,3116200,0.8125872477539758,0.02433589683986742
2020-07-14,8.319999694824219,8.390000343322754,7.869999885559082,8.109999656677246,8.109999656677246,2030700,0.791688191326097,0.024090408239011093
2020-07-15,8.5,9.390000343322754,8.430000305175781,9.229999542236328,9.229999542236328,3535700,0.8265676552774835,0.024861055075609338
2020-07-16,8.989999771118164,9.039999961853027,8.710000038146973,8.84000015258789,8.84000015258789,1565800,0.8046699301926173,0.024649388647699114
2020-07-17,8.819999694824219,8.920000076293945,8.600000381469727,8.720000267028809,8.720000267028809,1583900,0.7700506276663032,0.025361525353314478
2020-07-20,8.729999542236328,8.819999694824219,8.460000038146973,8.6899995803833,8.6899995803833,1198100,0.7407612725956563,0.02564208461883822
2020-07-21,8.829999923706055,9.020000457763672,8.65999984741211,8.90999984741211,8.90999984741211,2381600,0.7135640824353638,0.02575316358608495
2020-07-22,8.859999656677246,9.260000228881836,8.789999961853027,8.84000015258789,8.84000015258789,1153300,0.6961666670491813,0.025156324428949068
2020-07-23,8.779999732971191,8.9399995803833,8.600000381469727,8.859999656677246,8.859999656677246,1170300,0.6707261336109236,0.025176625072471114
2020-07-24,8.779999732971191,9.050000190734863,8.649999618530273,9.010000228881836,9.010000228881836,1257800,0.6513885935104712,0.024759547574469777
2020-07-27,9.020000457763672,9.09000015258789,8.470000267028809,8.619999885559082,8.619999885559082,1612400,0.6491465429425148,0.02315115493114739
2020-07-28,8.649999618530273,9.199999809265137,8.619999885559082,8.960000038146973,8.960000038146973,1825300,0.6442074987113392,0.021850289881149405
2020-07-29,8.8100004196167,9.140000343322754,8.529999732971191,9.039999961853027,9.039999961853027,2456700,0.6417641495427837,0.02046407983024984
2020-07-30,8.819999694824219,9.489999771118164,8.779999732971191,9.380000114440918,9.380000114440918,1703400,0.64663814158594,0.019350502131171732
2020-07-31,9.289999961853027,9.300000190734863,8.819999694824219,8.890000343322754,8.890000343322754,1325000,0.6404497328738514,0.01841035260123722
2020-08-03,8.869999885559082,8.880000114440918,8.239999771118164,8.270000457763672,8.270000457763672,2799800,0.6411319356831899,0.01714405618753017
2020-08-04,8.350000381469727,9.039999961853027,8.300000190734863,8.949999809265137,8.949999809265137,1821200,0.650336761997916,0.016576968339472736
2020-08-05,9.130000114440918,9.319999694824219,8.880000114440918,9.220000267028809,9.220000267028809,2118500,0.635312677596872,0.016466048058156397
2020-08-06,9.220000267028809,9.569999694824219,9.15999984741211,9.479999542236328,9.479999542236328,1446800,0.6192189040122462,0.016439457024332783
2020-08-07,9.420000076293945,9.75,9.149999618530273,9.75,9.75,1076700,0.6178461524020662,0.015363263780464728
2020-08-10,10.010000228881836,10.34000015258789,9.880000114440918,10.149999618530273,10.149999618530273,1400000,0.6158571524153393,0.014407959223769166
